347
320
310
354
408
358
344
360
303
280
282
285
243
412
309
377
421
366
313
231
355
248
373
366
350
352
278
300
392
261
329
394
366
345
351
307
311
368
390
315
292
367
244
306
242
305
299
357
228
327
257
376
329
293
377
354
330
247
221
286
332
295
306
263
343
375
327
372
263
262
296
361
358
318
313
315
266
321
260
336
357
299
330
351
243
284
249
341
373
292
254
278
350
339
277
262
386
265
337
273
351
300
319
258
316
328
339
247
325
318
301
366
205
449
386
269
311
306
273
286
295
298
332
265
298
234
295
320
366
433
302
375
398
317
187
314
359
273
384
348
260
315
306
317
342
311
273
402
349
241
348
369
324
294
318
235
271
312
256
246
346
294
351
278
341
249
278
338
292
256
178
388
268
238
404
244
287
289
297
285
356
374
330
366
330
413
219
293
322
372
379
307
359
419
202
388
253
396
365
397
335
332
317
336
269
310
287
410
271
172
243
341
362
335
188
323
375
282
345
294
317
284
364
250
311
316
246
407
231
299
356
358
288
308
265
357
272
298
375
201
385
375
387
283
334
313
334
310
363
316
273
228
302
256
347
346
284
359
354
297
302
374
266
272
341
347
239
416
393
326
387
339
371
301
275
255
261
250
289
380
352
355
337
311
350
386
173
305
297
256
374
211
299
282
340
230
199
220
370
361
336
373
306
387
375
349
399
349
297
300
344
300
355
338
331
238

